# Following order of evaluator's constructor
# Deploy players registry (admin)
nile deploy players_registry 630921626810232507712044280983612479889477627366728615579512531114753636522 --network goerli

# Deploy TUTOERC20 (ERC20-101 ERC20-101 admin admin)
nile deploy TUTOERC20 1278752977803006783537 1278752977803006783537 0 0 630921626810232507712044280983612479889477627366728615579512531114753636522 630921626810232507712044280983612479889477627366728615579512531114753636522 --network goerli

# Deploy dummy token (DummyToken-ERC20 DTK20 admin)
nile deploy dummy_token 90997221901889128397906381721202537008 293471990320 100000000000000000000 0 630921626810232507712044280983612479889477627366728615579512531114753636522 --network goerli

# Deploy evaluator (registry_address TUTOERC20_address DTK20_address Workshop_id admin)
nile deploy Evaluator 0x05af2ba86ed7df13ee2b7557a7e6db163e04c5238980c6e9fdeb4bcc040a48bb 0x037b0ca3995eb2d79626b6a0eac40fe4ba19ddf73d81423626b44755614b9cee 0x029260ce936efafa6d0042bc59757a653e3f992b97960c1c4f8ccd63b7a90136 2 630921626810232507712044280983612479889477627366728615579512531114753636522 --network goerli

# Set random value stores on evaluator through voyager (set_random_values)
Column: 0 - Tickers
20 Values:
1179474266, 1313821013, 1330532182, 1129467970, 1213486657, 1447909197, 1128879685, 1196835666, 1430736209, 1514553670, 1111705174, 1514359370, 1280659284, 1481725258, 1096436313, 1314543695, 1262769744, 1313888849, 1430341977, 1112753489
100 values: 
1146045253, 1246123597, 1095194946, 1229539148, 1146378315, 1447972440, 1380930885, 1481919816, 1514423620, 1380865093, 1447970121, 1347639363, 1313424714, 1314149714, 1314282072, 1514358355, 1481263182, 1146178124, 1213156683, 1129270861, 1514623319, 1515081808, 1331315536, 1229672001, 1111704643, 1230651986, 1380731732, 1162824782, 1296586325, 1112163394, 1498369876, 1246844240, 1481984340, 1111641942, 1196639555, 1280789843, 1196051542, 1514494545, 1297763154, 1481919820, 1313362001, 1095586649, 1431589459, 1313754188, 1096174913, 1262765395, 1196578885, 1431062350, 1245924184, 1498497603, 1263229530, 1313559621, 1096239194, 1096112194, 1380800078, 1112688714, 1163480154, 1296519509, 1465404249, 1263224399, 1380271447, 1296191831, 1279677518, 1431785299, 1180191310, 1129989449, 1297634636, 1363957319, 1380666188, 1380996691, 1346586457, 1415136583, 1363299162, 1280070481, 1246843724, 1331123524, 1380995159, 1497846082, 1263554369, 1146504773, 1162037337, 1095453511, 1447712589, 1213091650, 1229670221, 1297238857, 1431328854, 1515017289, 1230133831, 1195526998, 1346521154, 1280464705, 1431849558, 1230262872, 1095648083, 1413761609, 1162824514, 1331057752, 1262637655, 1145130563

Column: 1 - Supplies
20 values:
7800000000000000000000, 6600000000000000000000, 610000000000000000000, 6700000000000000000000, 5800000000000000000000, 83000000000000000000000, 2900000000000000000000, 97000000000000000000000, 980000000000000000000, 620000000000000000000, 690000000000000000000, 5300000000000000000000, 92000000000000000000000, 70000000000000000000000, 270000000000000000000, 2400000000000000000000, 8200000000000000000000, 3300000000000000000000, 2700000000000000000000, 76000000000000000000000
100 values: 
5700000000000000000000, 7800000000000000000000, 6700000000000000000000, 56000000000000000000000, 13000000000000000000000, 930000000000000000000, 80000000000000000000, 450000000000000000000, 95000000000000000000000, 6100000000000000000000, 25000000000000000000000, 700000000000000000000, 93000000000000000000000, 89000000000000000000000, 360000000000000000000, 37000000000000000000000, 410000000000000000000, 470000000000000000000, 2000000000000000000000, 84000000000000000000000, 160000000000000000000, 64000000000000000000000, 4000000000000000000000, 400000000000000000000, 100000000000000000000000, 810000000000000000000, 93000000000000000000000, 410000000000000000000, 3900000000000000000000, 30000000000000000000, 8800000000000000000000, 91000000000000000000000, 83000000000000000000000, 5000000000000000000000, 74000000000000000000000, 62000000000000000000000, 8800000000000000000000, 4900000000000000000000, 430000000000000000000, 41000000000000000000000, 950000000000000000000, 9300000000000000000000, 95000000000000000000000, 100000000000000000000, 990000000000000000000, 9600000000000000000000, 280000000000000000000, 4400000000000000000000, 130000000000000000000, 88000000000000000000000, 64000000000000000000000, 2900000000000000000000, 6900000000000000000000, 830000000000000000000, 850000000000000000000, 80000000000000000000, 1800000000000000000000, 570000000000000000000, 450000000000000000000, 3700000000000000000000, 800000000000000000000, 8400000000000000000000, 9100000000000000000000, 4200000000000000000000, 29000000000000000000000, 600000000000000000000, 77000000000000000000000, 33000000000000000000000, 6200000000000000000000, 91000000000000000000000, 37000000000000000000000, 960000000000000000000, 17000000000000000000000, 9100000000000000000000, 140000000000000000000, 90000000000000000000000, 9800000000000000000000, 6800000000000000000000, 8200000000000000000000, 96000000000000000000000, 36000000000000000000000, 760000000000000000000, 52000000000000000000000, 8800000000000000000000, 570000000000000000000, 72000000000000000000000, 1400000000000000000000, 720000000000000000000, 9800000000000000000000, 60000000000000000000, 1400000000000000000000, 2200000000000000000000, 770000000000000000000, 5900000000000000000000, 66000000000000000000000, 5600000000000000000000, 620000000000000000000, 770000000000000000000, 5800000000000000000000, 160000000000000000000


# Set evaluator as admin in TUTOERC20 through voyager
# Set evaluator as admin in players registry through voyager
